2
5
10
11
30
32
39
43
44
54
61
73
81
84
85
86
88
108
109
112
121
130
135
136
138
140
157
163
168
169
176
177
181
182
186
187
190
191
201
204
208
211
236
244
247
248
249
252
254
260
266
272
274
278
282
283
297
298
300
310
314
315
316
320
322
324
325
329
333
341
353
360
362
368
377
381
385
387
390
392
395
396
401
402
416
423
426
427
431
437
451
459
464
471
473
476
486
494
497
515
520
523
528
537
538
539
544
558
561
562
563
566
569
576
577
578
587
588
596
597
599
601
604
611
615
616
634
639
651
658
671
673
678
683
691
692
705
710
717
720
733
736
739
740
741
742
745
749
751
759
763
766
771
784
786
792
798
803
805
816
824
835
836
842
843
844
847
848
850
857
858
860
876
879
884
885
887
892
899
903
905
907
909
910
911
917
919
922
932
934
945
952
954
955
959
966
972
1001
1002
1004
1021
1027
1037
1038
1047
1049
1055
1063
1072
1073
1082
1086
1096
1100
1118
1141
1149
1150
1152
1162
1173
1176
1177
1179
1180
1186
1188
1204
1214
1215
1216
1218
1222
1229
1233
1240
1248
1251
1256
1262
1265
1273
1276
1279
1290
1292
1296
1298
1303
1304
1309
1311
1313
1316
1318
1327
1329
1342
1343
1354
1358
1368
1370
1375
1377
1380
1396
1402
1403
1405
1418
1428
1431
1437
1446
1452
1454
1463
1465
1479
1483
1488
1490
1503
1506
1513
1520
1525
1532
1541
1543
1546
1550
1553
1556
1561
1571
1574
1578
1585
1586
1589
1591
1592
1594
1598
1599
1603
1604
1607
1617
1618
1619
1622
1625
1631
1641
1647
1650
1651
1659
1688
1698
1699
1700
1701
1702
1715
1716
1722
1724
1728
1729
1732
1741
1770
1777
1778
1790
1792
1794
1795
1796
1797
1803
1807
1808
1811
1813
1827
1831
1837
1854
1855
1860
1861
1870
1878
1879
1882
1885
1895
1896
1906
1910
1911
1915
1919
1922
1924
1943
1955
1957
1959
1960
1962
1972
1974
1975
1983
1984
1992
1993
1996
2006
2012
2014
2022
2025
2026
2032
2050
2052
2054
2057
2063
2066
2074
2076
2083
2090
2091
2103
2104
2109
2112
2116
2122
2125
2143
2152
2154
2160
2164
2165
2178
2181
2186
2187
2192
2193
2194
2198
2200
2202
2205
2208
2210
2213
2217
2225
2226
2231
2240
2243
2247
2248
2252
2259
2269
2274
2275
2276
2291
2294
2299
2309
2311
2312
2313
2317
2321
2335
2343
2344
2348
2349
2351
2352
2354
2357
2360
2361
2368
2369
2387
2388
2401
2411
2420
2421
2426
2434
2458
2465
2478
2479
2481
2488
2503
2505
2510
2515
2516
2520
2527
2528
2533
2537
2542
2545
2552
2553
2574
2591
2593
2594
2622
2624
2632
2633
2654
2657
2665
2678
2695
2698
2708
2709
2717
2721
2722
2730
2731
2748
2751
2756
2758
2761
2765
2767
2772
2794
2804
2809
2815
2839
2847
2861
2877
2881
2885
2886
2898
2919
2927
2929
2935
2938
2941
2952
2955
2969
2973
2975
2978
2979
2981
2983
2989
2992
2994